0 0.10449027083105954 0.1511486849690072 0.13681563268653715 0.2164986396231109
0 0.3570616758252622 0.16619582817754003 0.13404023700040965 0.1824986396231109
0 0.5918984172554901 0.18875566410613218 0.1327750656049657 0.14267361695016273
0 0.8463270122612874 0.21806527330524278 0.1328974270120043 0.16849863962311087
0 0.3694094667490783 0.42208295407389557 0.1768565298492706 0.1961731634911997
0 0.5992257595979392 0.4321178580213322 0.13387697843063734 0.18049863962311088
0 0.8192869403014585 0.4382778753335095 0.14861147695403132 0.23937352625837013
0 0.8003693947892495 0.6823653639970354 0.13534630555858712 0.19849863962311087
0 0.5544510240741357 0.659843152769658 0.12114214982608155 0.2190988210066962
0 0.3032061362194774 0.6408834982246512 0.20861147695403146 0.24462284606992557
0 0.06771520522609399 0.6496237529878516 0.13543041045218798 0.20024841289362938
0 0.04724620817930608 0.8691364457079109 0.09449241635861216 0.17737352625837002
0 0.24463555642817955 0.8895589290106661 0.0957955141863323 0.1275240250632296