0 0.11846116415487869 0.14437525527566783 0.12359574337521283 0.20949164338862192
0 0.3703389787003812 0.14470770639177385 0.12300227116765336 0.17549164338862192
0 0.6053738888302376 0.1535455080278251 0.12430406857052458 0.13554983744509894
0 0.8604960742847352 0.16796525022864664 0.12275790025865854 0.16149164338862193
0 0.40775511012722016 0.39866790832364485 0.16517682181693566 0.18671371857463964
0 0.636580559477938 0.395331127790265 0.12296736103779699 0.1734916433886219
0 0.8553536436338712 0.3887033769745 0.13397975480363356 0.23178261367100708
0 0.8606126794763563 0.6327324740027385 0.12328155220650479 0.19149164338862193
0 0.614595224411428 0.6245746050560635 0.10766556363492555 0.21302609093680575
0 0.3636475896062127 0.6202712509681961 0.19397975480363358 0.23352843536531803
0 0.12117124155405927 0.6432006731062367 0.1432815522065049 0.19207358395339225
0 0.10802881090319534 0.863706023626182 0.13289754077808413 0.16978261367100708
0 0.3300462659681236 0.8711655638951324 0.08809460779138613 0.12250234442851252